10001
10010
10012
10018
10040
10051
10058
100839
10090
10093
10110
10116
10117
10145
10156
10172
10193
10202
10219
10257
10261
10271
10277
10279
10288
10309
10326
10349
10368
10392
10416
10418
10423
10426
10428
10431
10436
10440
10473
10479
10501
10514
10515
10536
10574
10596
10604
10619
10633
10671
10695
10738
10739
10807
10812
10831
10834
10836
10853
10870
10875
10891
10892
10907
10917
10923
10924
10930
10962
10968
10968
10998
11002
11018
11052
11061
11080
11080
11083
11097
11120
11142
11160
11184
11195
11220
11254
11260
11265
11281
11301
11324
11358
11362
11367
11373
11386
11406
11443
11466
11474
11531
11537
11585
11589
11593
11608
11627
11631
11635
11650
116706
11688
11703
11783
11799
11813
11819
11827
11866
11896
11915
11920
11921
11924
11950
11959
11967
11994
12055
12055
12059
12060
12074
12103
12117
12122
12139
12143
12151
12165
12174
12176
12189
12211
12224
12225
12262
12278
12279
12282
12289
12312
12336
12365
12427
12471
12509
12540
12540
12544
12552
12558
12576
12603
12610
12651
12670
12674
12728
12742
12791
12838
12845
12856
12870
12891
12967
12969
12971
12976
12977
13012
13038
13047
13071
13077
13094
13102
13102
13102
13108
13131
13132
13142
13154
13181
13181
13192
13192
13196
13250
13266
13284
13290
13294
13298
13317
13335
13340
13383
13392
13404
13422
13464
13501
13538
13539
13552
13603
13706
13715
13715
13719
13721
13762
13780
13797
13813
13836
13857
13882
13897
13913
13929
13971
13974
14000
14007
14009
14021
14043
14052
14068
14073
14199
14202
14225
14272
14279
14356
14361
14384
14428
14441
14460
14501
14513
14529
14570
14628
14662
14705
14714
14792
14793
14802
14848
15011
15111
15197
15213
15228
15236
15254
15274
15314
15358
15360
15391
15401
15401
15446
15470
15524
15527
15532
15565
15639
15668
15710
15781
15791
15855
15888
15943
15950
15970
15995
16020
16023
16070
16088
16095
16115
16139
16203
16255
16271
16299
16349
16354
16355
16380
16407
16433
16469
16472
16618
16760
16788
16814
16840
16843
16846
16847
16884
16906
16914
16943
16997
17010
17010
17027
17068
17096
17108
17164
17207
17263
17377
17468
17530
17559
17560
17618
17620
17662
17670
17689
17705
17741
17747
17901
17922
18035
18052
18086
18117
18142
18150
18162
18187
18194
18232
18254
18299
18378
18419
18423
18461
18496
18562
18600
18701
18732
18737
18777
18820
18825
18831
18841
18844
18905
18910
18962
19022
19028
19035
19134
19201
19205
19229
19359
19361
19368
19439
19573
19636
19670
19719
19773
19779
19857
19859
19870
19883
19897
1991
19948
19970
1999
2000
20014
2003
20037
2006
20115
20132
20137
20159
20165
2017
20170
2018
2018
2020
20208
2021
2023
20230
20245
2025
20250
2030
2031
20323
2033
2035
2035
20378
2039
2041
2041
2044
20453
2046
2048
2051
2052
20525
2053
2053
2054
2054
20572
20576
2058
20595
2061
2061
2061
2062
2062
2064
2065
2065
2065
2066
2069
2069
2069
2072
20721
2074
20740
2075
20755
2076
2077
2078
2078
2079
20798
20810
2082
2082
2082
20845
2085
2085
20890
2092
20939
2094
2097
2098
2102
2102
2102
21025
2103
2104
2105
2105
2105
21059
2107
21091
2111
2111
2112
2113
2113
2116
21189
2120
2121
2123
21230
2126
21260
21287
2129
21291
2131
2131
2131
21318
2132
2133
2134
2135
2136
2138
2138
2138
21396
2140
2140
21498
2150
2150
2152
2152
2152
21520
21537
2154
2154
21547
2156
2157
2157
2163
21630
21646
2167
2169
21704
2172
2172
2175
2177
2178
21788
2184
2187
21896
2190
2193
2194
2195
2198
2198
2202
2202
2205
2206
2206
2207
2207
2209
2209
2210
2211
2211
2212
22169
22227
22241
2225
2229
2234
2236
2236
22369
2239
2240
22428
2243
2244
2244
2244
2245
2247
22525
2253
2255
2257
2260
2260
2265
2266
2267
22676
2269
2269
2271
2272
22731
2275
22758
22773
2282
2282
2285
2289
2289
2290
2293
2298
2299
2301
23015
2302
23062
2307
2307
2310
23109
2312
2316
2317
2319
2319
2320
2322
2324
2326
2326
23338
23377
2338
2338
23401
2341
2342
2344
23440
2345
2347
2355
23555
2358
23581
2359
2361
2362
2364
2368
2369
2370
2373
2377
23771
2378
23797
2380
23837
2384
23889
2390
2393
2394
23955
2398
2401
2405
2406
2406
2414
2414
2414
2417
2421
2426
24279
24305
24369
2439
24398
2440
2444
2446
2447
2449
2451
2453
24531
2454
2454
2455
2455
24551
2456
2463
24645
2465
24679
24680
2473
2474
24783
2481
2483
24838
2485
2488
24895
2492
2493
2494
2496
2497
2498
2500
2503
2504
25056
2506
2508
2511
2511
2513
25137
2515
2517
2517
25171
25185
25210
25210
2522
2523
2526
25262
2531
2531
25337
2534
25353
2536
2536
2539
2540
2542
2544
2545
2548
2549
2550
2550
25502
25518
2555
2558
2558
25609
25623
2563
2568
2572
2572
2573
2575
2579
2583
2588
2589
25909
25944
2597
2598
2598
2599
2601
2601
2602
2602
2602
2603
2605
26062
2612
2616
2616
2619
2619
2627
2627
2628
2629
2630
2633
2635
26359
2639
26417
26417
26442
2647
2648
2650
2652
26529
2655
2656
2657
26578
2659
2664
2668
2670
26706
2672
26724
26739
2681
2681
2686
2686
26866
26896
26913
26946
2695
2695
2695
2695
26971
2698
2699
2700
2702
2703
2703
2704
2707
27079
2708
2710
2711
2712
2717
2717
2719
2720
27224
2726
27319
2733
2736
2737
2741
2742
27446
27465
27495
2751
2751
2754
27549
2755
2757
2762
2763
2765
2766
2767
2767
2770
2771
27773
27790
27806
2781
2782
27834
2790
27901
2792
27928
2795
2796
2796
2799
2802
28040
28103
28125
2814
2816
2818
28210
2823
2827
2828
28287
2838
28424
2849
2849
28499
2850
2851
28557
2857
2859
2860
2860
2861
2862
2864
2865
2869
2874
28868
28872
28890
2891
2894
2896
2897
2897
2898
2899
2901
2902
29038
2905
2908
2913
2915
2916
2917
2923
29232
29241
2925
2927
2927
2928
2930
2931
2931
2933
2934
29346
2939
2939
2943
29447
2947
2949
2952
29566
2957
2959
29599
2961
2961
2968
2970
2970
2971
29724
2974
2974
2975
2978
29781
2979
2984
2985
2985
2989
29890
2990
2991
2992
2992
2997
2998
2999
3003
3003
3005
30102
3011
3014
3016
3018
3028
3028
3029
3032
3036
30363
3037
3037
3038
30384
30411
3046
3048
30513
3052
3053
3056
30570
3058
30588
3065
30699
30702
3071
3072
3073
3074
3074
3077
3078
3081
3084
3087
3087
30881
3089
3090
3094
3094
3095
3097
3099
3099
3100
31009
31017
3106
3108
3112
3118
3120
3128
3134
31365
3137
3139
3141
3145
3145
3149
3151
3152
3152
3153
3158
3159
3161
31613
3162
3165
3171
3171
31721
3174
3175
31758
3177
3177
3183
31833
3184
3184
3190
31911
3195
31976
3199
31992
32017
3203
3207
3217
32176
32187
3219
32194
32212
3223
3226
32265
3228
3235
3237
3238
3239
3239
3244
3248
32529
32547
3255
3257
3258
32604
3264
3266
32715
3272
3275
3277
3279
3282
3283
3289
3289
3291
3293
3298
3303
3305
3310
3316
3318
33182
3322
3324
33245
3326
3328
33332
33382
3344
3348
3352
3355
3356
3357
3359
3363
3367
33688
3370
33701
3372
3373
3375
3378
3384
3385
3385
3387
33876
3391
3394
3402
34080
34104
34149
3418
3419
3421
3423
34246
34247
3431
34310
34311
3434
3437
34410
3446
3447
3448
3449
3455
3457
3460
34681
3469
3478
3478
3479
3480
3484
3487
34895
3490
34947
3498
34997
3502
35030
3505
3506
3510
3512
3520
3525
3528
3536
3537
3539
3541
3548
3549
3552
3554
3557
35700
3575
3576
3577
3577
3579
3581
3583
3583
3584
3585
3590
3594
3595
3596
35977
3599
3599
3600
3602
36067
3607
3607
3608
3609
3609
36132
3615
3616
36188
3621
3622
3627
3627
3630
3634
3640
3645
3647
3649
36570
3658
36679
3671
3671
3672
3672
3676
3677
3678
3683
3689
3695
3696
3697
3706
37101
37138
3725
3729
3730
37330
37338
3741
3744
3750
3753
3758
3760
3763
37656
3766
3770
3771
37710
3773
3778
37783
37828
3784
3786
37864
3787
3790
37912
37935
3795
3799
3807
3813
3813
3815
38168
3821
3821
3827
3829
3834
3838
3839
3847
3851
3851
3856
3863
3874
3874
3877
3891
3895
3899
38990
39002
39029
3910
3912
3915
3916
39249
3925
3926
3929
3929
3933
3935
3944
3946
3946
3946
3950
39513
3954
3959
3959
3959
3977
3983
3988
3990
3990
4005
4006
4009
4013
40225
4024
4025
4027
4032
4033
4035
4035
4035
4036
4036
4037
4038
4043
40471
4048
4051
4052
4053
40558
4063
40635
4065
4072
40743
4077
4079
4081
4093
4093
4094
4100
41000
4105
4105
4112
4119
4120
4121
4121
4126
4132
41344
4135
4138
4138
4142
4143
4147
4152
4156
4160
4161
4167
4172
4175
4180
4180
41853
4186
4191
4196
4196
4208
4208
4214
4218
4223
4228
4229
4236
4245
4248
4259
4260
4262
4265
4266
4266
4277
42807
4284
4285
4287
42882
4294
4298
4301
4309
4317
4318
4321
4324
43248
43273
43296
43319
4342
4348
4348
43538
4354
4356
4361
4365
4367
4370
4372
4372
4381
4384
4388
43882
4421
4424
4425
4434
4440
4442
4447
4449
4449
44609
4462
4467
4471
4473
4474
44861
4487
44891
4496
4496
4497
4498
4499
4503
4505
4506
4508
4510
4522
4532
4532
4537
4547
4547
4549
4560
4569
4581
4586
4588
4589
4592
4597
46030
46060
4609
4612
4614
4620
4620
4624
4635
4636
4637
4637
4639
4643
4647
4656
4658
46590
4665
4670
46911
4692
4696
4703
4708
4711
4712
4716
4726
47352
47381
4742
4754
4757
4764
4767
47696
4781
47827
4787
47946
4797
4797
4798
4799
4802
4803
4806
4809
4814
4818
48214
4833
48345
4836
4837
4840
4841
48416
4851
4860
4865
4866
4870
4886
4892
4898
49008
4902
4910
4915
4921
4925
4927
4928
4935
4940
4942
4944
4948
4964
4964
4971
4973
4973
4990
4993
4995
5001
5003
5005
5007
5009
5009
5024
5024
5025
5026
5028
5031
5043
5047
5049
5058
5069
5073
5075
5078
5079
50791
5080
5081
50827
5088
5088
5098
5103
5110
5113
5120
5125
5126
5147
5151
5152
5153
5155
5157
5157
5169
5172
5181
5185
5195
5209
5217
52182
5220
5222
52228
5230
5235
5235
5242
52431
5246
5249
5260
5261
5263
5265
5266
5267
5269
52803
5284
5285
5286
5290
5292
5302
5309
5332
5333
5334
5336
5340
5354
5354
5361
5363
5367
5373
5375
5375
5383
5390
5392
5395
5400
5402
5405
5418
5433
54358
5457
54575
5472
5473
5473
5476
5480
54821
5483
5487
5490
5491
5492
5493
54935
5494
5498
54981
5510
5511
5523
5528
5530
5535
5550
5560
5562
55754
5607
5610
5611
5634
5635
5647
5652
5653
5654
5656
5657
5672
5681
5685
5689
5691
5693
5695
5706
5716
5721
5722
5734
5744
5758
5759
5777
5779
5785
5793
5795
5800
5800
5802
5807
5809
5811
58227
5824
5826
5830
58303
5831
5836
5839
5839
5849
5857
58659
5872
5875
5875
58844
5888
5894
5902
5905
5916
5921
5926
5931
5933
5945
5962
5983
5986
6005
6005
6007
6009
6014
6018
60189
6022
6024
6026
6026
6029
6031
6045
6051
6052
6056
6056
6063
6081
60859
6090
6091
6097
6106
6107
6109
6113
61181
6127
6127
6128
6129
6131
6136
6138
6138
6154
6155
6159
6164
6164
6165
6170
6174
6182
6183
6194
6195
6198
6199
6203
6203
6204
6218
6224
62430
6246
6262
6332
63366
6358
6367
6372
6376
6378
6387
6387
6388
6392
6392
6403
6403
6428
6430
6436
6436
64462
6448
6448
6460
6479
6480
6482
6482
6490
6529
6535
6543
6548
6559
6562
6565
6572
6588
6596
6597
6608
6618
6637
6653
6668
6668
6677
6679
6681
6686
67005
6705
6709
6717
6719
6720
6732
6737
6746
6752
6800
6801
6814
6831
6853
6854
6856
6860
6871
6882
6891
6892
6945
6949
6956
6963
6966
6967
6980
6983
6987
6995
7010
7014
7020
7046
7050
7061
7062
7070
7071
7080
7083
7127
7131
7135
7137
7165
7173
7174
7175
7178
7183
7185
7192
7218
7222
7239
7251
7304
73046
7323
7323
7324
7340
7342
7344
7409
7413
7415
7416
74284
7430
7435
7469
7474
7482
7487
7508
7510
7514
7515
7522
7527
7538
7576
7587
7590
7600
7601
7601
7611
7612
7644
7651
7656
7658
7659
7665
7665
7671
7671
7683
7687
7688
7690
7693
7695
7696
7703
7710
7711
7714
7719
7720
7725
7745
7765
7773
7797
7824
7824
7833
7849
7851
7858
7870
7874
7888
7895
7897
7907
7907
7914
7923
7937
7943
79441
7967
7971
7976
7982
7982
8004
8012
8014
8027
8041
8041
8045
8051
8057
8073
8085
8088
8106
8110
8120
8138
8139
8141
8152
8156
8169
81769
8177
8177
8182
8201
8218
82222
8223
8241
8252
8258
82628
8276
8296
8298
8302
8304
8332
8337
8342
8365
8379
8382
8394
8395
8397
8423
8424
8446
8465
8530
8532
8550
8560
8588
8610
8628
8630
8635
8637
8659
8660
8664
8670
8693
8700
8701
8705
8708
8717
8719
8747
8749
8749
8808
8814
8822
8832
8838
8847
8848
8881
8901
8920
8930
8945
8952
8953
8953
8956
8972
8974
8978
8987
8987
9005
9014
9020
9050
9053
9059
9063
9127
9135
9151
9154
9163
9167
9179
9183
9203
9208
9208
9225
9225
9240
9245
9271
9274
9314
9317
9323
9358
9362
9370
9375
9378
9379
9425
9426
9426
9443
9444
9464
9486
9490
9513
9514
9533
9535
9547
9555
9555
9558
95619
9566
9584
9595
9597
9597
9607
9612
9626
9632
9642
9665
9675
9691
9699
9703
9710
9731
9732
9738
9757
9786
9822
9824
9825
9835
9845
9860
9860
9866
9874
9885
9904
9914
9929
9931
9956
9989
